5대범죄	5대범죄현황	2014	2014	2014	2014	2014	2014	2014	2014	2014	2014	2014	2014	2014	2014	2014	2014	2014	2014	2014	2014	2014	2014	2014	2014	2014	2014	2015	2015	2015	2015	2015	2015	2015	2015	2015	2015	2015	2015	2015	2015	2015	2015	2015	2015	2015	2015	2015	2015	2015	2015	2015	2015	2016	2016	2016	2016	2016	2016	2016	2016	2016	2016	2016	2016	2016	2016	2016	2016	2016	2016	2016	2016	2016	2016	2016	2016	2016	2016	2017	2017	2017	2017	2017	2017	2017	2017	2017	2017	2017	2017	2017	2017	2017	2017	2017	2017	2017	2017	2017	2017	2017	2017	2017	2017	2018	2018	2018	2018	2018	2018	2018	2018	2018	2018	2018	2018	2018	2018	2018	2018	2018	2018	2018	2018	2018	2018	2018	2018	2018	2018
5대범죄	5대범죄현황	합계	종로구	중구	용산구	성동구	광진구	동대문구	중랑구	성북구	강북구	도봉구	노원구	은평구	서대문구	마포구	양천구	강서구	구로구	금천구	영등포구	동작구	관악구	서초구	강남구	송파구	강동구	합계	종로구	중구	용산구	성동구	광진구	동대문구	중랑구	성북구	강북구	도봉구	노원구	은평구	서대문구	마포구	양천구	강서구	구로구	금천구	영등포구	동작구	관악구	서초구	강남구	송파구	강동구	합계	종로구	중구	용산구	성동구	광진구	동대문구	중랑구	성북구	강북구	도봉구	노원구	은평구	서대문구	마포구	양천구	강서구	구로구	금천구	영등포구	동작구	관악구	서초구	강남구	송파구	강동구	합계	종로구	중구	용산구	성동구	광진구	동대문구	중랑구	성북구	강북구	도봉구	노원구	은평구	서대문구	마포구	양천구	강서구	구로구	금천구	영등포구	동작구	관악구	서초구	강남구	송파구	강동구	합계	종로구	중구	용산구	성동구	광진구	동대문구	중랑구	성북구	강북구	도봉구	노원구	은평구	서대문구	마포구	양천구	강서구	구로구	금천구	영등포구	동작구	관악구	서초구	강남구	송파구	강동구
합계	발생	130,674	5,021	5,231	3,799	3,582	6,268	4,363	5,353	4,606	4,030	3,124	5,312	5,431	4,194	5,740	4,642	5,289	5,389	3,842	7,003	3,869	6,781	5,558	8,851	8,004	5,392	126,401	4,705	4,954	3,820	3,358	5,909	4,720	5,193	4,154	4,257	2,664	5,130	4,745	4,029	5,854	4,528	5,585	5,646	3,781	6,867	4,074	6,345	5,444	8,617	6,778	5,244	117,839	4,459	4,584	4,137	3,026	5,322	4,787	5,041	3,744	4,229	2,438	4,543	4,501	3,665	5,873	4,112	5,450	5,366	3,645	6,322	3,227	5,678	4,989	8,149	6,090	4,462	107,835	4,057	4,184	4,060	2,767	4,646	3,975	4,571	3,434	3,393	1,999	4,209	3,883	3,113	5,278	3,882	5,135	4,895	3,265	5,969	3,330	5,525	4,708	7,720	5,576	4,261	101,948	3,690	4,030	3,411	2,457	3,915	3,680	4,288	3,042	3,437	2,249	4,007	3,590	2,802	5,172	3,515	4,629	4,810	3,293	5,840	3,100	5,026	4,726	7,513	5,807	3,919
합계	검거	79,061	4,610	3,188	2,340	2,048	3,531	2,882	3,259	3,028	2,806	1,986	3,300	3,325	2,588	3,136	2,654	3,225	2,985	2,434	4,072	2,312	3,701	3,122	5,262	3,982	3,285	82,680	4,430	2,942	2,483	2,123	3,707	3,205	3,405	2,729	3,113	1,900	3,268	3,167	2,579	3,597	2,815	4,190	3,502	2,796	4,154	2,397	3,712	3,450	5,732	4,113	3,171	84,421	4,298	3,068	2,835	2,392	3,312	3,623	3,935	2,672	3,323	1,930	3,021	3,353	2,554	3,771	2,793	4,097	3,744	2,756	4,199	2,160	3,925	3,422	5,905	4,060	3,273	79,865	4,437	2,851	2,936	2,031	3,289	3,274	3,392	2,479	2,824	1,652	3,047	3,207	2,299	3,499	2,660	3,927	3,408	2,572	4,012	2,242	4,154	3,237	5,321	3,870	3,245	74,487	3,913	2,679	2,543	1,787	2,789	2,968	3,222	2,277	2,743	1,676	2,725	2,863	2,016	3,569	2,459	3,469	3,338	2,567	3,922	2,090	3,653	3,183	5,196	4,051	2,789
살인	발생	158	3	6	1	1	8	12	11	8	6	6	5	5	3	4	5	8	3	7	14	2	7	6	13	9	5	163	6	3	5	4	4	5	13	5	7	3	10	3	2	8	3	7	8	3	14	5	9	8	13	11	4	148	6	3	4	4	4	5	8	4	7	3	5	6	6	4	5	9	9	6	13	8	6	5	5	9	4	142	7	1	1	1	6	11	5	7	8	1	4	6	4	3	3	11	7	5	15	1	8	9	7	6	5	143	6	2	1	2	7	2	4	7	8	1	5	8	5	6	2	11	8	6	17	3	9	5	10	5	3
살인	검거	152	7	5	2	1	9	11	10	5	5	7	4	3	3	4	5	6	3	7	15	2	8	9	9	8	4	156	8	2	5	4	4	5	12	5	8	3	10	3	2	8	5	8	6	4	12	5	8	6	10	10	3	147	5	3	4	5	4	5	7	3	6	3	6	6	7	4	5	10	9	6	13	6	7	5	5	8	5	140	9	-	1	1	5	10	5	7	8	1	4	6	4	3	2	11	8	5	13	1	7	10	7	6	6	139	7	2	1	2	5	2	5	6	6	1	4	8	4	6	3	9	8	6	15	3	9	5	13	6	3
강도	발생	343	12	13	7	5	16	13	14	16	21	11	8	24	4	22	11	9	14	9	10	9	25	14	37	9	10	276	11	9	14	9	14	13	11	5	14	9	7	9	5	14	6	13	15	6	22	9	12	9	21	13	6	262	12	8	9	3	11	10	14	8	5	5	6	9	5	4	7	10	10	7	19	7	12	13	39	15	14	169	10	9	5	3	13	3	3	8	7	3	9	4	1	8	3	4	8	5	5	7	7	13	20	1	10	143	3	11	3	5	2	5	3	1	7	5	5	1	3	6	4	6	9	7	8	7	10	5	14	6	7
강도	검거	299	15	13	7	6	22	8	11	20	10	15	7	21	7	9	10	9	10	6	5	7	22	12	29	10	8	257	13	6	14	8	26	13	9	4	13	10	7	6	4	10	3	13	11	6	20	5	14	6	18	10	8	257	14	7	10	5	6	12	14	8	4	5	9	7	4	7	7	10	13	7	14	7	10	10	42	12	13	170	15	9	4	3	8	5	4	8	5	3	7	4	2	8	2	6	6	5	5	9	6	7	24	3	12	151	7	11	2	8	1	4	3	2	7	3	5	1	3	7	14	3	9	6	6	7	12	5	10	8	7
강간강제추행	발생	5,462	226	221	213	141	249	141	163	165	189	172	173	188	185	265	129	214	252	162	250	203	361	285	512	255	148	5,449	211	170	194	126	240	173	187	150	153	102	197	166	154	294	120	262	281	151	295	285	320	393	449	220	156	6,002	238	198	251	104	279	190	164	154	217	123	159	156	175	399	131	275	273	175	356	325	322	428	516	234	160	6,963	253	267	327	132	261	165	172	173	208	104	180	230	202	500	138	316	328	240	455	396	379	470	607	288	172	6,412	236	207	331	126	229	145	174	183	188	113	194	188	206	473	120	269	250	200	391	288	352	470	600	309	170
강간강제추행	검거	4,957	948	161	169	103	199	112	118	128	152	159	136	158	150	218	96	179	186	133	183	120	238	184	403	195	129	5,069	1,139	111	173	119	220	146	148	124	126	106	121	141	124	247	105	191	164	122	183	139	221	249	349	178	123	5,565	1,106	148	214	78	234	158	150	117	159	121	142	142	147	320	108	239	181	143	225	149	264	271	413	184	152	6,558	1,412	149	289	106	208	149	144	134	153	115	155	213	181	429	122	253	181	212	267	173	323	283	496	242	169	6,046	1,100	115	285	102	184	112	145	140	135	117	173	169	189	396	111	246	181	185	267	154	305	315	523	254	143
절도	발생	59,393	2,272	2,576	1,560	1,753	3,167	1,809	2,390	2,130	1,494	1,350	2,404	2,352	1,883	2,763	2,058	2,341	2,377	1,552	3,080	1,787	3,029	2,747	3,895	4,199	2,425	55,307	2,184	2,548	1,557	1,607	3,026	1,981	2,135	1,785	1,434	1,063	2,193	1,914	1,812	2,555	1,890	2,096	2,335	1,567	2,964	1,865	2,706	2,635	3,850	3,239	2,366	46,857	1,940	2,150	1,489	1,296	2,636	1,940	1,691	1,470	1,222	866	1,857	1,666	1,503	2,527	1,719	1,952	1,910	1,264	2,341	1,226	2,103	2,205	3,587	2,543	1,754	41,162	1,644	1,846	1,346	1,072	2,220	1,547	1,533	1,344	1,014	633	1,538	1,387	1,230	2,094	1,590	1,888	1,725	1,141	2,304	1,226	1,979	1,812	3,130	2,274	1,645	39,175	1,483	1,855	1,096	999	1,769	1,447	1,526	1,164	1,112	781	1,422	1,278	1,062	2,011	1,384	1,724	1,717	1,168	2,292	1,151	2,012	1,851	3,004	2,352	1,515
절도	검거	19,120	1,281	887	522	529	1,001	676	823	935	575	478	803	798	665	742	630	734	579	496	892	603	784	782	1,193	885	827	21,842	1,145	859	587	597	1,277	814	829	741	618	478	801	711	738	813	672	1,260	889	888	978	661	827	1,091	1,650	1,129	789	22,566	1,020	914	599	896	1,057	1,071	1,052	725	672	492	740	890	752	940	755	1,070	861	654	940	554	937	1,107	1,918	1,048	902	21,421	905	889	626	543	1,168	1,017	813	703	635	417	757	934	719	837	756	1,113	869	674	1,108	593	1,152	835	1,383	1,026	949	19,762	969	832	522	487	974	930	876	635	603	431	585	816	585	882	646	982	787	645	1,064	532	1,025	838	1,317	1,034	765
폭력	발생	65,318	2,508	2,415	2,018	1,682	2,828	2,388	2,775	2,287	2,320	1,585	2,722	2,862	2,119	2,686	2,439	2,717	2,743	2,112	3,649	1,868	3,359	2,506	4,394	3,532	2,804	65,206	2,293	2,224	2,050	1,612	2,625	2,548	2,847	2,209	2,649	1,487	2,723	2,653	2,056	2,983	2,509	3,207	3,007	2,054	3,572	1,910	3,298	2,399	4,284	3,295	2,712	64,570	2,263	2,225	2,384	1,619	2,392	2,642	3,164	2,108	2,778	1,441	2,516	2,664	1,976	2,939	2,250	3,204	3,164	2,193	3,593	1,661	3,235	2,338	4,002	3,289	2,530	59,399	2,143	2,061	2,381	1,559	2,146	2,249	2,858	1,902	2,156	1,258	2,478	2,256	1,676	2,673	2,148	2,916	2,827	1,874	3,190	1,700	3,152	2,404	3,956	3,007	2,429	56,075	1,962	1,955	1,980	1,325	1,908	2,081	2,581	1,687	2,122	1,349	2,381	2,115	1,526	2,676	2,005	2,619	2,826	1,912	3,132	1,651	2,643	2,395	3,885	3,135	2,224
폭력	검거	54,533	2,359	2,122	1,640	1,409	2,300	2,075	2,297	1,940	2,064	1,327	2,350	2,345	1,763	2,163	1,913	2,297	2,207	1,792	2,977	1,580	2,649	2,135	3,628	2,884	2,317	55,356	2,125	1,964	1,704	1,395	2,180	2,227	2,407	1,855	2,348	1,303	2,329	2,306	1,711	2,519	2,030	2,718	2,432	1,776	2,961	1,587	2,642	2,098	3,705	2,786	2,248	55,886	2,153	1,996	2,008	1,408	2,011	2,377	2,712	1,819	2,482	1,309	2,124	2,308	1,644	2,500	1,918	2,768	2,680	1,946	3,007	1,444	2,707	2,029	3,527	2,808	2,201	51,576	2,096	1,804	2,016	1,378	1,900	2,093	2,426	1,627	2,023	1,116	2,124	2,050	1,393	2,222	1,778	2,544	2,344	1,676	2,619	1,466	2,666	2,102	3,411	2,593	2,109	48,389	1,830	1,719	1,733	1,188	1,625	1,920	2,193	1,494	1,992	1,124	1,958	1,869	1,235	2,278	1,685	2,229	2,353	1,725	2,570	1,394	2,302	2,020	3,333	2,749	1,871