5대범죄	5대범죄현황	2014	2014	2014	2014	2014	2014	2014	2014	2014	2014	2014	2014	2014	2014	2014	2014	2014	2014	2014	2014	2014	2014	2014	2014	2014	2014	2015	2015	2015	2015	2015	2015	2015	2015	2015	2015	2015	2015	2015	2015	2015	2015	2015	2015	2015	2015	2015	2015	2015	2015	2015	2015	2016	2016	2016	2016	2016	2016	2016	2016	2016	2016	2016	2016	2016	2016	2016	2016	2016	2016	2016	2016	2016	2016	2016	2016	2016	2016	2017	2017	2017	2017	2017	2017	2017	2017	2017	2017	2017	2017	2017	2017	2017	2017	2017	2017	2017	2017	2017	2017	2017	2017	2017	2017	2018	2018	2018	2018	2018	2018	2018	2018	2018	2018	2018	2018	2018	2018	2018	2018	2018	2018	2018	2018	2018	2018	2018	2018	2018	2018
5대범죄	5대범죄현황	합계	종로구	중구	용산구	성동구	광진구	동대문구	중랑구	성북구	강북구	도봉구	노원구	은평구	서대문구	마포구	양천구	강서구	구로구	금천구	영등포구	동작구	관악구	서초구	강남구	송파구	강동구	합계	종로구	중구	용산구	성동구	광진구	동대문구	중랑구	성북구	강북구	도봉구	노원구	은평구	서대문구	마포구	양천구	강서구	구로구	금천구	영등포구	동작구	관악구	서초구	강남구	송파구	강동구	합계	종로구	중구	용산구	성동구	광진구	동대문구	중랑구	성북구	강북구	도봉구	노원구	은평구	서대문구	마포구	양천구	강서구	구로구	금천구	영등포구	동작구	관악구	서초구	강남구	송파구	강동구	합계	종로구	중구	용산구	성동구	광진구	동대문구	중랑구	성북구	강북구	도봉구	노원구	은평구	서대문구	마포구	양천구	강서구	구로구	금천구	영등포구	동작구	관악구	서초구	강남구	송파구	강동구	합계	종로구	중구	용산구	성동구	광진구	동대문구	중랑구	성북구	강북구	도봉구	노원구	은평구	서대문구	마포구	양천구	강서구	구로구	금천구	영등포구	동작구	관악구	서초구	강남구	송파구	강동구
합계	발생	130674	5021	5231	3799	3582	6268	4363	5353	4606	4030	3124	5312	5431	4194	5740	4642	5289	5389	3842	7003	3869	6781	5558	8851	8004	5392	126401	4705	4954	3820	3358	5909	4720	5193	4154	4257	2664	5130	4745	4029	5854	4528	5585	5646	3781	6867	4074	6345	5444	8617	6778	5244	117839	4459	4584	4137	3026	5322	4787	5041	3744	4229	2438	4543	4501	3665	5873	4112	5450	5366	3645	6322	3227	5678	4989	8149	6090	4462	107835	4057	4184	4060	2767	4646	3975	4571	3434	3393	1999	4209	3883	3113	5278	3882	5135	4895	3265	5969	3330	5525	4708	7720	5576	4261	101948	3690	4030	3411	2457	3915	3680	4288	3042	3437	2249	4007	3590	2802	5172	3515	4629	4810	3293	5840	3100	5026	4726	7513	5807	3919
합계	검거	79061	4610	3188	2340	2048	3531	2882	3259	3028	2806	1986	3300	3325	2588	3136	2654	3225	2985	2434	4072	2312	3701	3122	5262	3982	3285	82680	4430	2942	2483	2123	3707	3205	3405	2729	3113	1900	3268	3167	2579	3597	2815	4190	3502	2796	4154	2397	3712	3450	5732	4113	3171	84421	4298	3068	2835	2392	3312	3623	3935	2672	3323	1930	3021	3353	2554	3771	2793	4097	3744	2756	4199	2160	3925	3422	5905	4060	3273	79865	4437	2851	2936	2031	3289	3274	3392	2479	2824	1652	3047	3207	2299	3499	2660	3927	3408	2572	4012	2242	4154	3237	5321	3870	3245	74487	3913	2679	2543	1787	2789	2968	3222	2277	2743	1676	2725	2863	2016	3569	2459	3469	3338	2567	3922	2090	3653	3183	5196	4051	2789
살인	발생	158	3	6	1	1	8	12	11	8	6	6	5	5	3	4	5	8	3	7	14	2	7	6	13	9	5	163	6	3	5	4	4	5	13	5	7	3	10	3	2	8	3	7	8	3	14	5	9	8	13	11	4	148	6	3	4	4	4	5	8	4	7	3	5	6	6	4	5	9	9	6	13	8	6	5	5	9	4	142	7	1	1	1	6	11	5	7	8	1	4	6	4	3	3	11	7	5	15	1	8	9	7	6	5	143	6	2	1	2	7	2	4	7	8	1	5	8	5	6	2	11	8	6	17	3	9	5	10	5	3
살인	검거	152	7	5	2	1	9	11	10	5	5	7	4	3	3	4	5	6	3	7	15	2	8	9	9	8	4	156	8	2	5	4	4	5	12	5	8	3	10	3	2	8	5	8	6	4	12	5	8	6	10	10	3	147	5	3	4	5	4	5	7	3	6	3	6	6	7	4	5	10	9	6	13	6	7	5	5	8	5	140	9	-	1	1	5	10	5	7	8	1	4	6	4	3	2	11	8	5	13	1	7	10	7	6	6	139	7	2	1	2	5	2	5	6	6	1	4	8	4	6	3	9	8	6	15	3	9	5	13	6	3
강도	발생	343	12	13	7	5	16	13	14	16	21	11	8	24	4	22	11	9	14	9	10	9	25	14	37	9	10	276	11	9	14	9	14	13	11	5	14	9	7	9	5	14	6	13	15	6	22	9	12	9	21	13	6	262	12	8	9	3	11	10	14	8	5	5	6	9	5	4	7	10	10	7	19	7	12	13	39	15	14	169	10	9	5	3	13	3	3	8	7	3	9	4	1	8	3	4	8	5	5	7	7	13	20	1	10	143	3	11	3	5	2	5	3	1	7	5	5	1	3	6	4	6	9	7	8	7	10	5	14	6	7
강도	검거	299	15	13	7	6	22	8	11	20	10	15	7	21	7	9	10	9	10	6	5	7	22	12	29	10	8	257	13	6	14	8	26	13	9	4	13	10	7	6	4	10	3	13	11	6	20	5	14	6	18	10	8	257	14	7	10	5	6	12	14	8	4	5	9	7	4	7	7	10	13	7	14	7	10	10	42	12	13	170	15	9	4	3	8	5	4	8	5	3	7	4	2	8	2	6	6	5	5	9	6	7	24	3	12	151	7	11	2	8	1	4	3	2	7	3	5	1	3	7	14	3	9	6	6	7	12	5	10	8	7
강간강제추행	발생	5462	226	221	213	141	249	141	163	165	189	172	173	188	185	265	129	214	252	162	250	203	361	285	512	255	148	5449	211	170	194	126	240	173	187	150	153	102	197	166	154	294	120	262	281	151	295	285	320	393	449	220	156	6002	238	198	251	104	279	190	164	154	217	123	159	156	175	399	131	275	273	175	356	325	322	428	516	234	160	6963	253	267	327	132	261	165	172	173	208	104	180	230	202	500	138	316	328	240	455	396	379	470	607	288	172	6412	236	207	331	126	229	145	174	183	188	113	194	188	206	473	120	269	250	200	391	288	352	470	600	309	170
강간강제추행	검거	4957	948	161	169	103	199	112	118	128	152	159	136	158	150	218	96	179	186	133	183	120	238	184	403	195	129	5069	1139	111	173	119	220	146	148	124	126	106	121	141	124	247	105	191	164	122	183	139	221	249	349	178	123	5565	1106	148	214	78	234	158	150	117	159	121	142	142	147	320	108	239	181	143	225	149	264	271	413	184	152	6558	1412	149	289	106	208	149	144	134	153	115	155	213	181	429	122	253	181	212	267	173	323	283	496	242	169	6046	1100	115	285	102	184	112	145	140	135	117	173	169	189	396	111	246	181	185	267	154	305	315	523	254	143
절도	발생	59393	2272	2576	1560	1753	3167	1809	2390	2130	1494	1350	2404	2352	1883	2763	2058	2341	2377	1552	3080	1787	3029	2747	3895	4199	2425	55307	2184	2548	1557	1607	3026	1981	2135	1785	1434	1063	2193	1914	1812	2555	1890	2096	2335	1567	2964	1865	2706	2635	3850	3239	2366	46857	1940	2150	1489	1296	2636	1940	1691	1470	1222	866	1857	1666	1503	2527	1719	1952	1910	1264	2341	1226	2103	2205	3587	2543	1754	41162	1644	1846	1346	1072	2220	1547	1533	1344	1014	633	1538	1387	1230	2094	1590	1888	1725	1141	2304	1226	1979	1812	3130	2274	1645	39175	1483	1855	1096	999	1769	1447	1526	1164	1112	781	1422	1278	1062	2011	1384	1724	1717	1168	2292	1151	2012	1851	3004	2352	1515
절도	검거	19120	1281	887	522	529	1001	676	823	935	575	478	803	798	665	742	630	734	579	496	892	603	784	782	1193	885	827	21842	1145	859	587	597	1277	814	829	741	618	478	801	711	738	813	672	1260	889	888	978	661	827	1091	1650	1129	789	22566	1020	914	599	896	1057	1071	1052	725	672	492	740	890	752	940	755	1070	861	654	940	554	937	1107	1918	1048	902	21421	905	889	626	543	1168	1017	813	703	635	417	757	934	719	837	756	1113	869	674	1108	593	1152	835	1383	1026	949	19762	969	832	522	487	974	930	876	635	603	431	585	816	585	882	646	982	787	645	1064	532	1025	838	1317	1034	765
폭력	발생	65318	2508	2415	2018	1682	2828	2388	2775	2287	2320	1585	2722	2862	2119	2686	2439	2717	2743	2112	3649	1868	3359	2506	4394	3532	2804	65206	2293	2224	2050	1612	2625	2548	2847	2209	2649	1487	2723	2653	2056	2983	2509	3207	3007	2054	3572	1910	3298	2399	4284	3295	2712	64570	2263	2225	2384	1619	2392	2642	3164	2108	2778	1441	2516	2664	1976	2939	2250	3204	3164	2193	3593	1661	3235	2338	4002	3289	2530	59399	2143	2061	2381	1559	2146	2249	2858	1902	2156	1258	2478	2256	1676	2673	2148	2916	2827	1874	3190	1700	3152	2404	3956	3007	2429	56075	1962	1955	1980	1325	1908	2081	2581	1687	2122	1349	2381	2115	1526	2676	2005	2619	2826	1912	3132	1651	2643	2395	3885	3135	2224
폭력	검거	54533	2359	2122	1640	1409	2300	2075	2297	1940	2064	1327	2350	2345	1763	2163	1913	2297	2207	1792	2977	1580	2649	2135	3628	2884	2317	55356	2125	1964	1704	1395	2180	2227	2407	1855	2348	1303	2329	2306	1711	2519	2030	2718	2432	1776	2961	1587	2642	2098	3705	2786	2248	55886	2153	1996	2008	1408	2011	2377	2712	1819	2482	1309	2124	2308	1644	2500	1918	2768	2680	1946	3007	1444	2707	2029	3527	2808	2201	51576	2096	1804	2016	1378	1900	2093	2426	1627	2023	1116	2124	2050	1393	2222	1778	2544	2344	1676	2619	1466	2666	2102	3411	2593	2109	48389	1830	1719	1733	1188	1625	1920	2193	1494	1992	1124	1958	1869	1235	2278	1685	2229	2353	1725	2570	1394	2302	2020	3333	2749	1871